5
0.95 2 4
30 80
dirt-straight-hilly:16-17,25
dirt-straight-flat:14,19,27
dirt-slalom-hilly:2-3,8,24
dirt-slalom-flat:6-7,21,30
asphalt-straight-hilly:4,9,26
asphalt-straight-flat:11,15,20,28
asphalt-slalom-hilly:12-13,18,29
asphalt-slalom-flat:1,5,10,22-23
5
go-kart:0.1 0.1 0.1 0.1 0.1 0.05 0.05 0.05 0.05 0.1 0.1 0.1
kitt:0.0 0.05 0.05 0.1 0.1 0.3 0.1 0.05 0.05 0.0 0.1 0.1
flintmobile:0.1 0.1 0.1 0.1 0.1 0.15 0.05 0.05 0.05 0.1 0.1 0.0
mach-6:0.02 0.02 0.02 0.1 0.2 0.2 0.1 0.1 0.1 0.04 0.05 0.05
optimus:0.05 0.05 0.1 0.1 0.25 0.25 0.1 0.06 0.0 0.0 0.02 0.02
5
max:0.05 0.05 0.05 0.05 0.2 0.15 0.0 0.15 0.1 0.05 0.1 0.05
toad:0.0 0.0 0.05 0.1 0.1 0.35 0.15 0.1 0.05 0.0 0.05 0.05
speed-racer:0.0 0.05 0.1 0.1 0.1 0.15 0.1 0.1 0.1 0.0 0.15 0.05
knight:0.02 0.02 0.03 0.08 0.2 0.2 0.1 0.1 0.05 0.05 0.05 0.1
dastardly:0.1 0.1 0.1 0.1 0.1 0.05 0.05 0.05 0.05 0.1 0.1 0.1
all-terrain:0.05 0.05 0.05 0.05 0.2 0.2 0.15 0.05 0.05 0.05 0.05 0.05
mud:0.1 0.2 0.3 0.1 0.2 0.1 0.0 0.0 0.0 0.0 0.0 0.0
low-profile:0.0 0.0 0.1 0.1 0.1 0.1 0.1 0.1 0.1 0.0 0.1 0.2
performance:0.05 0.05 0.05 0.1 0.3 0.2 0.05 0.05 0.0 0.0 0.0 0.15
3 5 3 5 2 2 4 3 4 2 4 6 5 6 6 3 5 3 5 2 3 3 2 3 4 1 2 2 1 2 2 3 3 2 3 2 3 3 2 3
0.1 0.06 0.15 0.12 0.08 0.02 0.12 0.1