1
0.95 2 3
10 30
dirt:1-3,5,7
asphalt:4,6,8-10
2
mazda:0.1 0.1 0.1 0.1 0.15 0.05 0.05 0.05 0.05 0.05 0.1 0.1
toyota:0.05 0.05 0.05 0.05 0.1 0.25 0.15 0.1 0.05 0.05 0.05 0.05
2
stig:0.05 0.05 0.05 0.05 0.25 0.1 0.1 0.15 0.05 0.05 0.05 0.05
schumacher:0.05 0.05 0.05 0.05 0.1 0.2 0.2 0.1 0.05 0.05 0.05 0.05
all-terrain:0.0 0.0 0.0 0.15 0.15 0.15 0.15 0.0 0.0 0.0 0.1 0.3
mud:0.05 0.05 0.05 0.05 0.05 0.3 0.1 0.15 0.05 0.05 0.05 0.05
low-profile:0.0 0.0 0.0 0.1 0.4 0.1 0.1 0.0 0.0 0.0 0.2 0.1
performance:0.1 0.1 0.1 0.2 0.2 0.1 0.1 0.0 0.0 0.0 0.05 0.05
1 1 1 1
0.15 0.1
