1
0.95 3 3
10 30
dirt:1-3,5,7
asphalt:4,6,8-10
2
mazda:0.1 0.05 0.1 0.05 0.1 0.05 0.05 0.1 0.1 0.1 0.1 0.1
toyota:0.1 0.1 0.1 0.05 0.1 0.05 0.05 0.05 0.1 0.1 0.1 0.1
2
schumacher:0.1 0.05 0.05 0.1 0.1 0.05 0.05 0.15 0.05 0.1 0.1 0.1
stig:0.05 0.05 0.05 0.05 0.05 0.05 0.05 0.25 0.1 0.1 0.1 0.1
all-terrain:0.1 0.05 0.1 0.1 0.05 0.05 0.05 0.1 0.05 0.2 0.1 0.05
mud:0.1 0.1 0.1 0.15 0.1 0.05 0.05 0.10 0.05 0.1 0.05 0.05
low-profile:0.1 0.1 0.1 0.05 0.05 0.05 0.05 0.05 0.05 0.1 0.1 0.2
performance:0.1 0.05 0.05 0.05 0.05 0.05 0.05 0.05 0.05 0.1 0.3 0.1
1 2 3 4
0.2 0.1