4
0.95 2 4
30 90
dirt-straight-hilly:1,5,10,22-23
dirt-straight-flat:11,15,20,28
dirt-slalom-hilly:2-3,8,24
dirt-slalom-flat:12-13,18,29
asphalt-straight-hilly:4,9,26
asphalt-straight-flat:14,19,27
asphalt-slalom-hilly:6-7,21,30
asphalt-slalom-flat:16-17,25
5
go-kart:0.1 0.1 0.1 0.1 0.1 0.05 0.05 0.05 0.05 0.1 0.1 0.1
ferarri:0.0 0.05 0.05 0.1 0.1 0.3 0.1 0.05 0.05 0.0 0.1 0.1
toyota:0.1 0.1 0.1 0.1 0.1 0.05 0.05 0.05 0.05 0.1 0.1 0.1
batmobile:0.02 0.02 0.02 0.2 0.2 0.1 0.1 0.1 0.1 0.04 0.05 0.05
humvee:0.05 0.05 0.1 0.1 0.3 0.2 0.1 0.06 0.0 0.0 0.02 0.02
5
toad:0.0 0.0 0.05 0.1 0.1 0.35 0.15 0.1 0.05 0.0 0.05 0.05
schumacher:0.0 0.05 0.1 0.1 0.1 0.15 0.1 0.1 0.1 0.0 0.15 0.05
anakin:0.1 0.1 0.1 0.1 0.1 0.05 0.05 0.05 0.05 0.1 0.1 0.1
stig:0.02 0.02 0.03 0.03 0.2 0.2 0.1 0.1 0.05 0.05 0.05 0.15
crash:0.05 0.05 0.05 0.05 0.2 0.1 0.1 0.1 0.1 0.05 0.1 0.05
all-terrain:0.05 0.05 0.05 0.1 0.3 0.2 0.05 0.05 0.0 0.0 0.0 0.15
mud:0.1 0.2 0.3 0.1 0.2 0.1 0.0 0.0 0.0 0.0 0.0 0.0
low-profile:0.0 0.0 0.1 0.1 0.1 0.1 0.1 0.1 0.1 0.0 0.1 0.2
performance:0.05 0.05 0.05 0.05 0.2 0.2 0.15 0.05 0.05 0.05 0.05 0.05
3 5 3 5 2 2 4 3 4 2 4 6 5 6 6 3 5 3 5 2 3 3 2 3 4 1 2 2 1 2 2 3 3 2 3 2 3 3 2 3
0.1 0.06 0.15 0.12 0.08 0.02 0.12 0.1