3
0.95 3 3
30 90
dirt-straight-hilly:1,5,10,22-23
dirt-straight-flat:11,15,20,28
dirt-slalom-hilly:2-3,8,24
dirt-slalom-flat:12-13,18,29
asphalt-straight-hilly:4,9,26
asphalt-straight-flat:14,19,27
asphalt-slalom-hilly:6-7,21,30
asphalt-slalom-flat:16-17,25
5
mazda:0.1 0.1 0.1 0.1 0.15 0.05 0.05 0.05 0.05 0.05 0.1 0.1
toyota:0.05 0.05 0.05 0.05 0.1 0.15 0.15 0.15 0.1 0.05 0.05 0.05
ferarri:0.0 0.0 0.05 0.05 0.2 0.15 0.15 0.1 0.05 0.05 0.1 0.1
humvee:0.1 0.1 0.1 0.1 0.2 0.05 0.05 0.05 0.05 0.1 0.0 0.1
go-kart:0.1 0.1 0.1 0.1 0.1 0.05 0.05 0.05 0.05 0.1 0.1 0.1
5
anakin:0.0 0.1 0.1 0.15 0.1 0.15 0.1 0.05 0.05 0.1 0.1 0.0
fangio:0.05 0.05 0.05 0.05 0.15 0.2 0.1 0.15 0.05 0.05 0.05 0.05
schumacher:0.05 0.05 0.05 0.05 0.1 0.2 0.2 0.1 0.05 0.05 0.05 0.05
toad:0.1 0.1 0.1 0.1 0.1 0.1 0.05 0.05 0.0 0.1 0.1 0.1
crash:0.0 0.0 0.0 0.2 0.3 0.05 0.05 0.05 0.05 0.1 0.1 0.1
all-terrain:0.0 0.0 0.0 0.1 0.1 0.1 0.1 0.0 0.0 0.0 0.1 0.5
mud:0.05 0.05 0.05 0.05 0.3 0.1 0.15 0.05 0.05 0.05 0.05 0.05
low-profile:0.0 0.0 0.1 0.1 0.1 0.1 0.0 0.0 0.0 0.0 0.5 0.1
performance:0.1 0.2 0.3 0.1 0.2 0.1 0.0 0.0 0.0 0.0 0.0 0.0
4 4 3 3 4 5 3 3 5 5 6 6 3 5 4 3 5 3 4 3 5 5 6 7 5 8 6 4 3 3 3 3 3 4 4 4 3 3 3 3
0.05 0.1 0.1 0.05 0.1 0.05 0.15 0.1