2
0.95 3 3
10 30
dirt-straight:1,5,10
dirt-slalom:2-3,8
asphalt-straight:4,9
asphalt-slalom:6-7
3
mazda:0.1 0.1 0.1 0.1 0.15 0.05 0.05 0.05 0.05 0.05 0.1 0.1
toyota:0.05 0.05 0.05 0.15 0.15 0.15 0.15 0.1 0.05 0.0 0.05 0.05
ferarri:0.05 0.05 0.05 0.05 0.15 0.1 0.1 0.15 0.05 0.05 0.1 0.1
2
stig:0.05 0.05 0.05 0.15 0.25 0.1 0.1 0.05 0.05 0.05 0.05 0.05
schumacher:0.05 0.05 0.05 0.1 0.15 0.2 0.2 0.05 0.05 0.0 0.05 0.05
all-terrain:0.05 0.05 0.05 0.05 0.05 0.3 0.1 0.15 0.05 0.05 0.05 0.05
mud:0.0 0.0 0.0 0.1 0.4 0.1 0.1 0.0 0.0 0.0 0.2 0.1
low-profile: 0.0 0.0 0.0 0.15 0.15 0.15 0.15 0.0 0.0 0.0 0.1 0.3
performance:0.1 0.1 0.1 0.2 0.2 0.1 0.1 0.0 0.0 0.0 0.05 0.05
5 5 7 4 4 6 4 4 4 5 5 5
0.06 0.1 0.05 0.08