2
0.95 3 3
10 30
dirt-straight:1,5,10
dirt-slalom:2-3,8
asphalt-straight:4,9
asphalt-slalom:6-7
3
mazda:0.1 0.1 0.1 0.1 0.1 0.05 0.05 0.05 0.05 0.1 0.1 0.1
toyota:0.1 0.1 0.1 0.1 0.1 0.05 0.05 0.05 0.05 0.1 0.1 0.1
ferarri:0.1 0.1 0.1 0.1 0.1 0.05 0.05 0.05 0.05 0.1 0.1 0.1
2
stig:0.1 0.1 0.1 0.1 0.1 0.05 0.05 0.05 0.05 0.1 0.1 0.1
schumacher:0.1 0.1 0.1 0.1 0.1 0.05 0.05 0.05 0.05 0.1 0.1 0.1
all-terrain:0.1 0.1 0.1 0.1 0.1 0.05 0.05 0.05 0.05 0.1 0.1 0.1
mud:0.1 0.1 0.1 0.1 0.1 0.05 0.05 0.05 0.05 0.1 0.1 0.1
low-profile:0.1 0.1 0.1 0.1 0.1 0.05 0.05 0.05 0.05 0.1 0.1 0.1
performance:0.1 0.1 0.1 0.1 0.1 0.05 0.05 0.05 0.05 0.1 0.1 0.1
2 2 1 1 2 3 1 1 4 4 2 2
0.15 0.2 0.05 0.1